.Random.seed <-
c(403L, 10L, -1867588304L, -1503889586L, 281746873L, 480264139L, 
-1003162502L, -1593121412L, 205880767L, -89933163L, 713730220L, 
-349490558L, -669648291L, 748088663L, 757633086L, -1386453896L, 
1168093019L, -1322689863L, 94926600L, -340079178L, 1422758641L, 
-1248013021L, -1732735118L, 1462066628L, -48274041L, 1472440157L, 
-1516181164L, 1423141754L, -568997179L, 328784927L, -2023265370L, 
-1864078032L, -2142744621L, 835862001L, 1799588640L, -890427970L, 
2120883657L, -1330757253L, 1773864778L, -1490053204L, -1942118737L, 
-1287873435L, 490425372L, 1433297522L, 1107711213L, -2040476377L, 
-1330284210L, 294132136L, 1894260139L, 143734473L, -1751273768L, 
155104134L, -436853151L, -1527275533L, -221441438L, -1155472172L, 
-1482324521L, -1416564787L, 1573284708L, 582659914L, -537069899L, 
-303436273L, 707182358L, -1984665152L, 645036419L, -1038712927L, 
49262480L, 1559139438L, -4595175L, -1432900949L, -1594380646L, 
-99767716L, -200018081L, 1911818549L, 1922787532L, -1098411486L, 
-744092547L, -504629897L, -1018807650L, 187652440L, -1236590405L, 
-1827643815L, 522923496L, 1679882262L, -268024943L, -449942461L, 
582304594L, 1524254692L, 246593063L, 246255229L, -1011994764L, 
620938074L, -813681243L, -1953828417L, -2019820986L, 1849628880L, 
-1454116109L, -1279532015L, 2080731712L, -135698914L, -441110295L, 
-119057893L, -355356118L, -936192692L, 485832463L, 875166277L, 
321104892L, 669790802L, 17010637L, 2027686279L, -1249903506L, 
159564872L, 1171381835L, -1987488855L, -892249352L, 1950887462L, 
-351189183L, 422644947L, 1237586050L, -1690669388L, -107345353L, 
778211629L, 922133060L, 620330858L, -1681962027L, 1971359087L, 
-396871562L, 1149391776L, -1394228125L, -2013441791L, 370826352L, 
-1445963762L, 1179232377L, -1042929653L, 843123002L, 222894140L, 
-1788784769L, -1194359595L, 2092767468L, -1318170046L, 665122205L, 
500920343L, 901227902L, -1703478472L, -1458093029L, 858627449L, 
-819729464L, 1253177334L, -1572021711L, -828650397L, -1140739022L, 
-501100156L, 522180551L, -1355064675L, 165161492L, -1501509446L, 
2088965381L, 1277345503L, -1557118106L, -357522704L, -675692013L, 
-1099797583L, 458757728L, -650570754L, -1982198903L, -2123047749L, 
132044938L, -279917716L, 1935864047L, -882402523L, 427328988L, 
35054514L, -2110960979L, 1273111143L, 1472233870L, 241124968L, 
231797355L, 2123779081L, -1208421736L, 1908114886L, 1816069409L, 
-1601460813L, 437383458L, 1740557076L, -585337961L, 382106509L, 
783451812L, -1617205110L, 2144767733L, 765006159L, -1148363178L, 
1339704576L, 575152195L, -810822687L, 493841232L, 339869102L, 
-557771943L, -1239557781L, -716128038L, 123627932L, -126782049L, 
-1528576011L, -906672500L, -1290013854L, -917791939L, -1510536265L, 
767246430L, 1477057944L, -433256197L, -688761703L, 1511879976L, 
147739606L, -1913272239L, 1311165187L, 247827090L, 1259247652L, 
-1517312281L, 1261411133L, 1161479092L, 1289654298L, 1403876197L, 
-867316225L, -1704673146L, -1972941808L, -949047629L, -1915781807L, 
1346852096L, -363020322L, 53853225L, 1198518632L, -693056180L, 
-456744708L, 16188146L, 831232L, -1497137548L, -1055571960L, 
-1390169670L, -1362407472L, -1342518804L, 4564884L, 1774228178L, 
-563937696L, -167369396L, -1587624672L, -464803198L, -905405976L, 
-1536753684L, -1711684036L, -973683086L, 2056104816L, 848931108L, 
562602552L, 1189173658L, 34961872L, 748709308L, 1572182164L, 
483783810L, 1243194816L, -1226306756L, 1718135952L, 49568546L, 
-1115212280L, -604412660L, -766478948L, -135352814L, -1172128896L, 
-118041836L, 453275944L, -846871494L, -126587952L, 1786583660L, 
-1396682188L, -1548985710L, 1770218848L, 476207436L, -484104224L, 
2053060002L, 1711617448L, 1885656716L, 1433468348L, -913650062L, 
1882944496L, -1747128764L, 574681176L, -382961606L, -1736777616L, 
1032984636L, 982884628L, -1756388670L, -957290784L, -684377988L, 
-1358285104L, -1525335646L, -1244190680L, 2050657036L, 1516652988L, 
-357100750L, 80050880L, -1720751052L, 1301245640L, 2012361914L, 
-1975691632L, -1710235924L, 863455828L, -35638638L, 204749088L, 
630211020L, 1419354848L, -404754238L, -1025233880L, 220600236L, 
226138812L, -1583166478L, -882198992L, 1248903076L, -394392136L, 
23218010L, 1701089424L, 1566931836L, 1896276244L, -2029749950L, 
1250345216L, 1456344508L, 483123536L, -668509918L, -1168123320L, 
-1355730932L, 1259361884L, -127546926L, 361887232L, -1713310380L, 
-1795068696L, 698040570L, -596564272L, 1588611884L, -1027763980L, 
603724178L, 98942304L, 2068188172L, -1294287648L, -1799708062L, 
611517608L, 1153825868L, 1437800316L, 1259673906L, -517057936L, 
-267398332L, 1913451480L, 365560698L, -2009298896L, 2007330748L, 
1021157972L, 1318146114L, 1676078752L, 1640358588L, 443435984L, 
-1304191646L, -912302360L, -904086324L, -1473113604L, -970670606L, 
-275708800L, 769280500L, 781081224L, -456832198L, -191689392L, 
-422204308L, -1257462380L, 30277714L, -392397344L, -560876340L, 
1277271712L, 552292738L, 767473896L, 1026226924L, 1219077436L, 
-162246542L, 1077203568L, -1356232156L, -1309730760L, -2136364774L, 
-767474480L, -206501572L, -457546860L, 236910466L, 426085312L, 
-473856452L, 2113249680L, -565766110L, -1217420024L, -2090542964L, 
993005340L, -1702333294L, -120334976L, -733835244L, -1111877848L, 
-1237457350L, -1231031856L, 767834476L, 1089565620L, 1444268562L, 
-268425248L, 1213065676L, -346179360L, 1489112098L, 370463528L, 
1247877644L, -758217924L, -2121228302L, -602230032L, 456137284L, 
1415212632L, 740071226L, -1682837520L, -1500536132L, -385968876L, 
159440066L, 656616544L, 1317221756L, -191770672L, -1536728798L, 
-291121496L, 1903622028L, 628192444L, -30340302L, 682853952L, 
1172657332L, 239780936L, -2029124166L, 174877200L, -187237140L, 
1758363988L, -2145094894L, -1263596128L, 1429797580L, 1911765600L, 
-564518974L, -2031668440L, 406247852L, 343174460L, 934558578L, 
-1768129232L, 2101053220L, 1184613688L, 434366170L, -230752368L, 
485473020L, -1411986540L, -1527012286L, 1145189632L, -1802774468L, 
88276304L, -1298139998L, -1656935608L, -380100852L, -1651736868L, 
425780705L, 622795558L, -364947932L, -1082912555L, 404500607L, 
52684056L, -87827402L, 421741251L, -796954875L, 1246519970L, 
662065296L, -1880874951L, -890498837L, 135496156L, -1040316406L, 
1696233215L, -53860535L, 1093639390L, -1247903092L, 220235357L, 
675155047L, -335617648L, 540688814L, -896715685L, 1544250429L, 
-165205334L, 2007177032L, -1394205839L, 764763363L, 575534052L, 
773464850L, -9146649L, -928491343L, 749066998L, -9765612L, 397419045L, 
-231887057L, 758190312L, 622850502L, 1980571763L, -1043232043L, 
-2077042510L, -1144943488L, 1495699561L, 1616334043L, -1949040596L, 
-1990574022L, -881738001L, 892572025L, -459407858L, 316784604L, 
580089933L, 199695287L, 130434368L, 679805982L, 303489771L, -1071248787L, 
-1057137958L, 1515635352L, 39305473L, -776018253L, 301003220L, 
-819535646L, 484940151L, -556873535L, -1774201786L, 982432644L, 
313617717L, 1290820383L, 1732554360L, 1531499350L, -825533981L, 
-1484132443L, 55733826L, 654300208L, 1748854873L, 1115145675L, 
-508787140L, 1356462186L, 2021442207L, -845246679L, -1772997698L, 
1801814700L, 193294333L, -17270969L, -2001274832L, -1763159730L, 
-964945541L, 337272541L, -1522542838L, 1205464616L, 1303246481L, 
1842962051L, -840310908L, 370447794L, 1139669767L, -1727680175L, 
667453654L, 677471668L, 878453189L, 123678991L, 1445490568L, 
-1324990810L, -1144312237L, -341995595L, -1321583342L, -754342176L, 
-1328088247L, 676320635L, -1030291380L, -1420486182L, 622285775L, 
1449770393L, -1372355154L, 164614844L, -106384595L, -1408442153L, 
1401284896L, 878505598L, -242378677L, -1045216691L, -783835014L, 
713568440L, -630111647L, 896219155L, -1562225100L, 1163403330L, 
114794583L, -824028255L, 1963807846L, -871539612L, 336975765L, 
-1481047873L, -1605148584L, 881353846L, 1526508675L, -1882538811L, 
967956962L, -2055471024L, -257621639L, -1320216917L, 294895132L, 
1614338378L, -651388609L, 706502537L, -290029666L, 2109730380L, 
1598289949L, 904718759L, 1663691984L, -1863307666L, 196606235L, 
